1 122 870
2 199 3178
3 186 1661
4 275 4182
5 216 1474
6 266 1440
7 296 4025
8 235 3523
9 242 4171
10 131 2261
11 234 4655
12 250 5745
13 250 2355
14 65 1556
15 267 7603
16 69 1215
17 264 5101
18 226 6312
19 106 2700
20 301 3014
21 161 3488
22 84 2192
23 235 5462
24 280 6351
25 256 4330
26 142 1788
27 122 2621
28 233 4891
29 93 1359
30 120 2294
31 235 1863
32 118 1518
33 298 8483
34 68 1151
35 302 6490
36 171 4537
37 175 4871
38 217 2402
39 299 739
40 194 533
41 259 1746
42 127 2673
43 230 2715
44 269 6925
45 177 4557
46 169 2097
47 125 2732
48 187 539
49 96 2765
50 250 5510
51 303 4427
52 261 1088
53 133 2414
54 140 3015
55 197 4771
56 163 1473
57 133 2778
58 210 5058
59 200 3427
60 246 6817
61 167 1894
62 198 1666
63 258 360
64 74 1390
65 307 3884
66 101 2615
67 217 5659
68 143 2478
69 216 4958
70 165 4332
71 142 3363
72 123 1154
73 252 3815
74 301 2048
75 117 1240
76 61 1056
77 184 952
78 76 2224
79 101 2076
80 137 941
81 117 1047
82 192 5556
83 234 3379
84 274 8167
85 295 8314
86 101 1952
87 260 5566
88 212 6159
89 280 6039
90 83 1839
91 151 3620
92 301 1548
93 249 640
94 239 876
95 215 5425
96 193 450
97 82 641
98 138 2653
99 284 4950
100 86 142
101 207 662
102 289 2642
103 291 8263
104 67 1020
105 201 5030
106 64 298
107 72 607
108 306 8318
109 79 167
110 197 3889
111 148 1974
112 79 2172
113 157 649
114 292 8297
115 175 3090
116 299 7956
117 109 1631
118 181 1753
119 203 5906
120 269 3560
121 90 622
122 115 2180
123 160 4138
124 291 4106
125 185 5326
126 118 2156
127 135 3364
128 79 1679
129 270 1140
130 225 253
131 270 2300
132 85 2370
133 213 3578
134 292 1496
135 147 2967
136 207 1581
137 278 7573
138 232 2373
139 149 4300
140 160 2195
141 70 1610
142 180 2308
143 270 5317
144 81 1522
145 286 3070
146 194 4043
147 84 982
148 147 2532
149 257 4909
150 141 1214
151 236 3593
152 75 603
153 157 1241
154 191 1938
155 106 772
156 220 3511
157 139 1713
158 305 5377
159 75 1673
160 241 2921
161 223 4479
162 128 3330
163 263 4048
164 301 2971
165 71 960
166 130 2736
167 227 5275
168 254 1024
169 204 5268
170 245 3744
171 186 1911
172 89 1158
173 72 1294
174 162 1128
175 164 268
176 73 1952
177 269 1759
178 301 7587
179 295 6296
180 102 886
181 77 1468
182 290 7880
183 141 205
184 94 1649
185 224 4613
186 251 4781
187 296 2929
188 149 3487
189 121 2064
190 74 1047
191 239 3060
192 190 2768
193 303 3860
194 253 6068
195 142 624
196 306 5111
197 135 3911
198 211 1331
199 278 2138
200 136 1221
201 159 4756
202 128 1410
203 69 1748
204 112 3155
205 255 6129
206 266 4230
207 235 2698
208 112 988
209 143 1345
210 287 2347
211 269 781
212 295 3706
213 153 1571
214 127 2707
215 294 7236
216 85 1179
217 200 1540
218 223 5174
219 111 2045
220 252 4368
221 241 1465
222 289 6125
223 217 3283
224 120 1719
225 96 314
226 209 1014
227 263 5153
228 297 5359
229 88 804
230 234 4931
231 283 7146
232 305 7159
233 64 1823
234 198 2655
235 291 1001
236 244 767
237 262 3845
238 122 3128
239 199 5318
240 77 1613
241 139 3017
242 306 3518
243 80 1572
244 180 4331
245 194 3666
246 251 5158
247 139 3140
248 186 3063
249 219 4165
250 192 5573
251 94 1546
252 226 3660
253 139 717
254 274 3907
255 200 1883
256 239 3594
257 193 3539
258 189 1585
259 238 6897
260 123 447
261 245 3424
262 201 4458
263 295 1757
264 107 1919
265 236 3973
266 152 3025
267 77 1593
268 151 4284
269 144 1892
270 117 1729
271 267 7250
272 120 1936
273 159 3071
274 79 2176
275 230 3909
276 192 1419
277 110 1512
278 274 426
279 132 2886
280 122 2339
281 181 2028
282 216 562
283 294 5402
284 184 1983
285 235 1818
286 197 1298
287 171 4239
288 229 2574
289 139 3916
290 244 5610
291 248 4133
292 262 5021
293 187 2758
294 207 6012
295 147 675
296 132 3727
297 118 1475
298 62 513
299 104 1125
300 107 879
301 273 3561
302 221 3137
303 226 4808
304 60 1205
305 168 4044
306 137 3143
307 281 2953
308 299 4000
309 247 4399
310 283 3179
311 139 863
312 149 2160
313 194 558
314 258 5321
315 169 3881
316 108 942
317 255 3619
318 105 1788
319 251 7427
320 180 3169
321 225 522
322 178 1504
323 232 6867
324 156 1332
325 264 4494
326 191 2658
327 76 2194
328 245 4577
329 170 2712
330 177 1441
331 133 862
332 275 4692
333 162 3209
334 164 1828
335 218 738
336 240 2551
337 220 3905
338 154 1085
339 160 323
340 185 4267
341 129 1061
342 137 1884
343 207 4855
344 218 607
345 162 4209
346 98 178
347 96 603
348 303 8071
349 305 3812
350 113 220
351 240 4052
352 272 7353
353 298 8919
354 255 2163
355 249 3452
356 216 6187
357 307 7386
358 98 2388
359 120 879
360 210 3408
361 61 1576
362 276 7723
363 150 1153
364 253 1464
365 309 7874
366 70 1988
367 249 7022
368 190 1460
369 305 4989
370 111 532
371 204 6053
372 73 1527
373 168 3637
374 274 1171
375 85 504
376 244 3106
377 304 8330
378 91 443
379 229 1676
380 287 7652
381 112 3067
382 203 1140
383 260 4970
384 173 4473
385 133 3147
386 270 2354
387 222 6457
388 222 2164
389 60 1469
390 130 1875
391 166 833
392 117 589
393 291 4929
394 214 1869
395 70 1666
396 174 1578
397 303 8187
398 207 5735
399 230 855
400 117 352
401 185 3179
402 169 516
403 239 5252
404 214 2975
405 169 1331
406 128 1683
407 192 204
408 219 2804
409 154 3704
410 277 6758
411 139 616
412 122 2767
413 213 736
414 119 846
415 275 583
416 131 2397
417 85 2107
418 144 4077
419 144 270
420 305 3447
421 249 2010
422 109 1937
423 296 4397
424 70 1338
425 176 1203
426 237 2968
427 218 4795
428 97 1487
429 64 1022
430 130 2646
431 220 1468
432 65 1317
433 95 307
434 230 5715
435 108 1175
436 156 4537
437 239 6668
438 110 757
439 169 2147
440 104 332
441 269 5792
442 283 895
443 223 3439
444 247 2196
445 215 3487
446 95 1790
447 233 6175
448 83 229
449 87 234
450 282 4688
451 85 284
452 247 747
453 280 5516
454 185 3548
455 242 6953
456 66 1429
457 280 2818
458 238 6749
459 221 2734
460 121 266
461 216 1978
462 209 2337
463 149 3658
464 285 2544
465 298 5563
466 162 1768
467 121 3040
468 284 590
469 75 1413
470 285 2126
471 151 1873
472 241 2491
473 145 3817
474 263 2490
475 128 1834
476 160 828
477 85 1522
478 196 5852
479 288 4056
480 214 2153
481 208 3011
482 153 1527
483 63 1747
484 134 1304
485 245 5572
486 110 3100
487 116 499
488 297 4289
489 117 2314
490 195 1855
491 99 1748
492 109 1541
493 171 3579
494 62 981
495 258 1040
496 192 4427
497 175 4655
498 155 4495
499 213 6044