3,4,1
18,19,2
18,17,1
13,18,2
5,4,1
10,7,2
4,6,1
1,6,2
3,7,1
8,8,2
4,9,1
2,17,2
5,10,1
14,1,2
8,9,1
5,9,2
10,6,1
0,1,2
12,4,1
3,14,2
3,13,1
6,17,2
6,18,1
13,9,2
7,17,1
18,3,2
11,5,1
13,3,2
0,5,1
2,4,2
8,18,1
19,5,2
19,18,1
13,14,2
14,13,1
5,13,2
11,14,1
18,7,2
19,9,1
8,7,2
15,5,1
13,1,2
18,1,1
7,0,2
19,0,1
12,11,2
8,0,1
6,0,2
4,0,1
3,9,2
7,1,1
6,15,2
15,14,1
18,11,2
16,15,1
17,16,2
7,10,1
10,11,2
18,10,1
10,9,2
10,8,1
16,19,2
9,8,1
6,11,2
7,19,1
0,7,2
4,2,1
4,18,2
3,6,1
3,5,2
8,2,1
3,19,2
9,3,1
10,4,2
19,2,1
4,13,2
5,12,1
0,2,2
3,15,1
13,7,2
5,17,1
4,16,2
14,15,1
17,13,2
8,11,1
9,9,2
12,9,1
5,2,2
10,13,1
9,12,2
7,14,1
17,4,2
19,11,1
0,4,2
0,0,1
2,16,2
0,14,1
16,16,2
11,7,1
5,18,2
5,1,1
10,0,2
17,3,1
5,8,2
17,12,1
16,13,2
5,19,1
8,16,2
2,2,1
13,15,2
13,17,1
13,6,2
13,5,1
13,8,2
13,10,1
12,6,2
14,5,1
12,5,2
16,5,1
17,5,2
9,17,1
10,16,2
2,11,1
16,0,2
6,2,1
5,3,2
7,3,1
8,4,2
8,6,1
7,7,2
6,6,1
9,7,2
6,7,1
10,10,2
11,11,1
5,6,2
5,5,1
6,4,2
2,8,1
1,9,2
9,4,1
6,1,2
3,3,1
4,4,2
9,6,1
7,6,2
9,2,1
9,5,2
10,2,1
7,2,2
11,3,1
9,1,2
14,6,1